0000000000000011000000011110000001111000000011000000001100000000000000000011000000000000000000000000
0000000000000110110000011011000000000000000000000000000000000000000000000000000000000000000000000000
0000000000000110110000011011000011111110000110110000111111100001101100000110110000000000000000000000
0000000000000001100000011111000000000110000011110000011000000000111110000001100000000000000000000000
0000000000000000000000110001100001100110000011000000000110000011001100001100011000000000000000000000
0000000000000011100000011011000000111000001101110000011101100001100110001101110000000000000000000000
0000000000000000110000000011000000000110000000000000000000000000000000000000000000000000000000000000
0000000000000011000000000110000000001100000000110000000011000000011000000011000000000000000000000000
0000000000000000110000000110000000110000000011000000001100000000011000000000110000000000000000000000
0000000000000000000000110011000001111000011111111000011110000011001100000000000000000000000000000000
0000000000000000000000000110000000011000000111111000000110000000011000000000000000000000000000000000
0000000000000000000000000000000000000000000000000000000000000000011000000001100000000011000000000000
0000000000000000000000000000000000000000000111111000000000000000000000000000000000000000000000000000
0000000000000000000000000000000000000000000000000000000000000000011000000001100000000000000000000000
0000000000001100000000011000000000110000000001100000000011000000000110000000001000000000000000000000
0000000000000111110000110001100011100110001111011000110111100011001110000111110000000000000000000000
0000000000000001100000000111000000011000000001100000000110000000011000000111111000000000000000000000
0000000000000011110000011001100001100000000011100000000011000001100110000111111000000000000000000000
0000000000000011110000011001100001100000000011100000011000000001100110000011110000000000000000000000
0000000000000111000000011110000001101100000110011000111111100001100000001111000000000000000000000000
0000000000000111111000000001100000111110000110000000011000000001100110000011110000000000000000000000
0000000000000011100000000011000000000110000011111000011001100001100110000011110000000000000000000000
0000000000000111111000011001100001100000000011000000000110000000011000000001100000000000000000000000
0000000000000011110000011001100001100110000011110000011001100001100110000011110000000000000000000000
0000000000000011110000011001100001100110000111110000011000000000110000000001110000000000000000000000
0000000000000000000000000110000000011000000000000000000000000000011000000001100000000000000000000000
0000000000000000000000000110000000011000000000000000000000000000011000000001100000000011000000000000
0000000000000011000000000110000000001100000000011000000011000000011000000011000000000000000000000000
0000000000000000000000000000000001111110000000000000000000000001111110000000000000000000000000000000
0000000000000000110000000110000000110000000110000000001100000000011000000000110000000000000000000000
0000000000000011110000011001100001100000000011000000000110000000000000000001100000000000000000000000
0000000000000111110000110001100011110110001111011000111101100000000110000011110000000000000000000000
0000000000000001100000001111000001100110000110011000011111100001100110000110011000000000000000000000
0000000000000111111000110011000011001100000111110000110011000011001100000111111000000000000000000000
0000000000000111100000110011000000000110000000011000000001100011001100000111100000000000000000000000
0000000000000011111000011011000011001100001100110000110011000001101100000011111000000000000000000000
0000000000001111111000100011000000101100000011110000001011000010001100001111111000000000000000000000
0000000000001111111000100011000000101100000011110000001011000000001100000001111000000000000000000000
0000000000000111100000110011000000000110000000011000111001100011001100001111100000000000000000000000
0000000000000110011000011001100001100110000111111000011001100001100110000110011000000000000000000000
0000000000000011110000000110000000011000000001100000000110000000011000000011110000000000000000000000
0000000000001111000000011000000001100000000110000000011001100001100110000011110000000000000000000000
0000000000001100111000110011000001101100000011110000011011000011001100001100111000000000000000000000
0000000000000001111000000011000000001100000000110000100011000011001100001111111000000000000000000000
0000000000001100011000111011100011111110001111111000110101100011000110001100011000000000000000000000
0000000000001100011000110011100011011110001111011000111001100011000110001100011000000000000000000000
0000000000000011100000011011000011000110001100011000110001100001101100000011100000000000000000000000
0000000000000111111000110011000011001100000111110000000011000000001100000001111000000000000000000000
0000000000000011110000011001100001100110000110011000011101100000111100000111000000000000000000000000
0000000000000111111000110011000011001100000111110000011011000011001100001100111000000000000000000000
0000000000000011110000011001100000001110000001110000011100000001100110000011110000000000000000000000
0000000000000111111000010110100000011000000001100000000110000000011000000011110000000000000000000000
0000000000000110011000011001100001100110000110011000011001100001100110000111111000000000000000000000
0000000000000110011000011001100001100110000110011000011001100000111100000001100000000000000000000000
0000000000001100011000110001100011000110001101011000111111100011101110001100011000000000000000000000
0000000000001100011000110001100001101100000011100000001110000001101100001100011000000000000000000000
0000000000000110011000011001100001100110000011110000000110000000011000000011110000000000000000000000
0000000000001111111000110001100001100010000011000000100110000011001100001111111000000000000000000000
0000000000000011110000000011000000001100000000110000000011000000001100000011110000000000000000000000
0000000000000000011000000011000000011000000011000000011000000011000000001000000000000000000000000000
0000000000000011110000001100000000110000000011000000001100000000110000000011110000000000000000000000
0000000000000001000000001110000001101100001100011000000000000000000000000000000000000000000000000000
0000000000000000000000000000000000000000000000000000000000000000000000000000000001111111100000000000
0000000000000001100000000110000000110000000000000000000000000000000000000000000000000000000000000000
0000000000000000000000000000000000111100000110000000011111000001100110001101110000000000000000000000
0000000000000000111000000011000000001100000111110000110011000011001100000111011000000000000000000000
0000000000000000000000000000000000111100000110011000000001100001100110000011110000000000000000000000
0000000000000111000000011000000001100000000111110000011001100001100110001101110000000000000000000000
0000000000000000000000000000000000111100000110011000011111100000000110000011110000000000000000000000
0000000000000011100000011011000000001100000001111000000011000000001100000001111000000000000000000000
0000000000000000000000000000000011011100000110011000011001100001111100000110000000001111100000000000
0000000000000000111000000011000001101100001101110000110011000011001100001100111000000000000000000000
0000000000000001100000000000000000011100000001100000000110000000011000000011110000000000000000000000
0000000000000110000000000000000001100000000110000000011000000001100110000110011000001111000000000000
0000000000000000111000000011000011001100000110110000001111000001101100001100111000000000000000000000
0000000000000001110000000110000000011000000001100000000110000000011000000011110000000000000000000000
0000000000000000000000000000000001100110001111111000111111100011010110001100011000000000000000000000
0000000000000000000000000000000000111110000110011000011001100001100110000110011000000000000000000000
0000000000000000000000000000000000111100000110011000011001100001100110000011110000000000000000000000
0000000000000000000000000000000001110110001100110000110011000001111100000000110000000111100000000000
0000000000000000000000000000000011011100000110011000011001100001111100000110000000111100000000000000
0000000000000000000000000000000001110110001101110000110011000000001100000001111000000000000000000000
0000000000000000000000000000000001111100000000011000001111000001100000000011111000000000000000000000
0000000000000001000000000110000001111100000001100000000110000001011000000011000000000000000000000000
0000000000000000000000000000000001100110000110011000011001100001100110001101110000000000000000000000
0000000000000000000000000000000001100110000110011000011001100000111100000001100000000000000000000000
0000000000000000000000000000000011000110001101011000111111100011111110000110110000000000000000000000
0000000000000000000000000000000011000110000110110000001110000001101100001100011000000000000000000000
0000000000000000000000000000000001100110000110011000011001100001111100000110000000001111100000000000
0000000000000000000000000000000001111110000011001000000110000001001100000111111000000000000000000000
0000000000000111000000000110000000011000000000111000000110000000011000000111000000000000000000000000
0000000000000011000000001100000000110000000000000000001100000000110000000011000000000000000000000000
0000000000000000111000000110000000011000000111000000000110000000011000000000111000000000000000000000
0000000000001101110000011101100000000000000000000000000000000000000000000000000000000000000000000000
