48,51,32,47,52,67,33,46,53,66,45,54,44,55,42,57
31,48,68,71,32,47,67,72
31,48,68,71,32,47,67,72,26,33,46,53,66,73,86,34,45,65,74,24,35,44,55,64,75,84,36,43,63,76,37,42,62,77
51,68,32,47,52,67,72,73,86,45,54,65,74,35,44,43,56,63,76,83,57,62
27,32,72,87,33,46,73,86,45,54,55,64,23,36,63,76,22,37,77,82
48,51,68,32,47,67,72,46,53,66,25,34,54,65,74,35,44,55,75,84,36,43,76,83,22,37,57,62,77
68,71,67,72,73,86
48,51,52,67,66,73,65,74,64,75,56,63,42,57
68,71,52,67,46,53,45,54,44,55,56,63,62,77
27,32,67,72,33,46,53,66,14,25,34,45,54,65,74,85,35,44,55,64,23,36,63,76
52,67,53,66,34,45,54,65,74,85,55,64,56,63
56,63,57,62,61,78
34,45,54,65,74,85
56,63,57,62
28,31,32,47,46,53,54,65,64,75,76,83,82
31,48,51,68,71,27,32,72,87,26,33,46,73,86,25,34,45,54,74,85,24,35,55,64,75,84,23,36,63,76,83,37,42,57,62,77
51,68,52,67,72,53,66,54,65,55,64,56,63,37,42,57,62,77,82
48,51,68,71,32,47,72,87,33,46,45,54,65,64,75,36,43,76,83,37,42,57,62,77,82
48,51,68,71,32,47,72,87,33,46,45,54,65,35,44,36,43,76,83,42,57,62,77
31,48,51,32,47,52,67,33,46,66,73,34,45,74,85,24,35,44,55,64,75,84,36,43,22,37,42,57
31,48,51,68,71,88,72,87,46,53,66,73,86,34,45,35,44,36,43,76,83,42,57,62,77
48,51,68,67,72,73,86,45,54,65,74,85,35,44,75,84,36,43,76,83,42,57,62,77
31,48,51,68,71,88,32,47,72,87,33,46,45,54,55,64,56,63,57,62
48,51,68,71,32,47,72,87,33,46,73,86,45,54,65,74,35,44,75,84,36,43,76,83,42,57,62,77
48,51,68,71,32,47,72,87,33,46,73,86,34,45,54,65,74,35,44,43,56,57,62,77
52,67,53,66,56,63,57,62
52,67,53,66,56,63,57,62,61,78
48,51,52,67,66,73,74,85,64,75,56,63,42,57
33,46,53,66,73,86,36,43,56,63,76,83
68,71,52,67,46,53,34,45,44,55,56,63,62,77
48,51,68,71,32,47,72,87,33,46,45,54,55,64,57,62
31,48,51,68,71,27,32,72,87,26,33,46,53,73,86,25,34,45,54,74,85,24,35,44,55,75,84,76,83,42,57,62,77
51,68,47,52,67,72,33,46,73,86,34,45,74,85,35,44,55,64,75,84,36,43,76,83,37,42,77,82
31,48,51,68,71,88,27,32,67,72,26,33,66,73,34,45,54,65,74,24,35,64,75,23,36,63,76,37,42,57,62,77,82
31,48,51,68,27,32,67,72,73,86,74,85,75,84,23,36,63,76,37,42,57,62
48,51,68,71,88,32,47,67,72,26,33,66,73,25,34,65,74,24,35,64,75,36,43,63,76,42,57,62,77,82
28,31,48,51,68,71,88,27,67,72,46,66,73,45,54,65,74,44,64,75,23,63,76,22,37,42,57,62,77,82
28,31,48,51,68,71,88,27,67,72,46,66,73,45,54,65,74,44,64,75,63,76,57,62,77,82
31,48,51,68,27,32,67,72,73,86,74,85,24,35,44,75,84,23,36,63,76,22,37,42,57,62
31,48,71,88,32,47,72,87,33,46,73,86,34,45,54,65,74,85,35,44,75,84,36,43,76,83,37,42,77,82
48,51,68,71,52,67,53,66,54,65,55,64,56,63,42,57,62,77
28,31,48,51,32,47,33,46,34,45,35,44,75,84,36,43,76,83,42,57,62,77
28,31,68,71,88,27,32,67,72,33,46,66,73,45,54,65,74,35,44,64,75,23,36,63,76,22,37,62,77,82
51,68,71,88,67,72,66,73,65,74,24,64,75,23,36,63,76,22,37,42,57,62,77,82
28,31,71,88,27,32,47,67,72,87,26,33,46,53,66,73,86,25,34,45,54,65,74,85,24,35,55,75,84,23,36,76,83,22,37,77,82
28,31,71,88,27,32,67,72,87,26,33,53,66,73,86,25,34,45,54,74,85,24,35,44,75,84,23,36,76,83,22,37,77,82
48,51,68,32,47,67,72,26,33,73,86,25,34,74,85,24,35,75,84,36,43,63,76,42,57,62
31,48,51,68,71,88,27,32,67,72,26,33,66,73,34,45,54,65,74,64,75,63,76,57,62,77,82
48,51,68,71,32,47,72,87,33,46,73,86,34,45,74,85,35,44,55,75,84,43,56,63,76,37,42,57
31,48,51,68,71,88,27,32,67,72,26,33,66,73,34,45,54,65,74,35,44,64,75,23,36,63,76,22,37,62,77,82
48,51,68,71,32,47,72,87,66,73,86,54,65,74,35,44,55,36,43,76,83,42,57,62,77
31,48,51,68,71,88,32,52,67,87,53,66,54,65,55,64,56,63,42,57,62,77
31,48,71,88,32,47,72,87,33,46,73,86,34,45,74,85,35,44,75,84,36,43,76,83,37,42,57,62,77,82
31,48,71,88,32,47,72,87,33,46,73,86,34,45,74,85,35,44,75,84,43,56,63,76,57,62
28,31,71,88,27,32,72,87,26,33,73,86,25,34,54,74,85,24,35,44,55,64,75,84,23,36,43,63,76,83,22,37,77,82
28,31,71,88,27,32,72,87,33,46,66,73,45,54,65,44,55,64,36,43,63,76,22,37,77,82
31,48,71,88,32,47,72,87,33,46,73,86,45,54,65,74,55,64,56,63,42,57,62,77
28,31,48,51,68,71,88,27,32,72,87,33,46,86,45,54,24,55,64,23,36,63,76,22,37,42,57,62,77,82
48,51,68,71,67,72,66,73,65,74,64,75,63,76,42,57,62,77
71,88,67,72,53,66,45,54,35,44,23,36,22
48,51,68,71,47,52,46,53,45,54,44,55,43,56,42,57,62,77
51,47,52,67,33,46,66,73,25,34,74,85
18,21,38,41,58,61,78,81
51,68,52,67,46,53
46,53,66,73,34,45,35,44,55,64,75,36,43,76,83,22,37,57,62,77
68,71,88,67,72,66,73,34,45,54,65,74,24,35,64,75,23,36,63,76,37,42,57,77,82
46,53,66,73,34,45,74,85,75,84,36,43,76,83,42,57,62,77
31,48,51,32,47,33,46,34,45,54,65,74,35,44,75,84,36,43,76,83,22,37,57,62,77
46,53,66,73,34,45,74,85,35,44,55,64,75,84,76,83,42,57,62,77
48,51,68,32,47,67,72,66,73,54,65,74,85,64,75,63,76,57,62,77,82
26,33,53,66,73,34,45,74,85,35,44,75,84,36,43,56,63,76,37,42,41,58,61,78,81
68,71,88,67,72,33,46,66,73,25,34,54,65,74,24,35,64,75,23,36,63,76,22,37,62,77,82
51,68,53,66,73,54,65,55,64,56,63,42,57,62,77
31,48,33,46,34,45,35,44,36,43,76,83,37,42,77,82,41,58,61,78
68,71,88,67,72,26,33,66,73,34,45,65,74,44,55,64,75,36,43,63,76,22,37,62,77,82
51,68,71,52,67,53,66,54,65,55,64,56,63,42,57,62,77
33,46,73,86,25,34,45,54,65,74,85,24,35,44,55,64,75,84,23,36,56,76,83,22,37,77,82
46,53,66,73,86,34,45,74,85,35,44,75,84,36,43,76,83,37,42,77,82
46,53,66,73,34,45,74,85,35,44,75,84,36,43,76,83,42,57,62,77
33,46,53,73,86,25,34,65,74,24,35,64,75,36,43,56,63,76,62,77,58,61,78,81
26,33,53,66,73,34,45,74,85,35,44,75,84,36,43,56,63,76,37,42,21,38,41,58
33,46,53,73,86,25,34,54,65,74,24,35,64,75,63,76,57,62,77,82
33,46,53,66,73,74,85,44,55,64,75,36,43,42,57,62,77,82
51,52,67,33,46,53,66,73,54,65,55,64,36,56,63,42,57
33,46,73,86,34,45,74,85,35,44,75,84,36,43,76,83,22,37,57,62,77
33,46,73,86,34,45,74,85,35,44,75,84,43,56,63,76,57,62
26,33,73,86,25,34,54,74,85,24,35,44,55,64,75,84,23,36,43,56,63,76,83,37,42,62,77
26,33,73,86,34,45,65,74,44,55,64,36,43,63,76,22,37,77,82
33,46,73,86,34,45,74,85,35,44,75,84,36,43,56,63,76,37,42,41,58,61,78,81
33,46,53,66,73,86,45,54,85,55,64,36,63,76,37,42,57,62,77,82
31,48,51,52,67,53,66,65,74,85,55,64,56,63,37,42,57
48,51,47,52,46,53,44,55,43,56,42,57
68,71,88,52,67,53,66,34,45,54,55,64,56,63,62,77,82
28,31,51,68,71,32,47,52,72,87
